100
2	47	-1	-1
7	47	-1	-1
12	47	-1	-1
17	47	-1	-1
22	47	-1	-1
27	47	-1	-1
32	47	-1	-1
37	47	-1	-1
42	47	-1	-1
47	47	-1	-1
2	42	-1	-1
7	42	-1	-1
12	42	-1	-1
17	42	-1	-1
22	42	-1	-1
27	42	-1	-1
32	42	-1	-1
37	42	-1	-1
42	42	-1	-1
47	42	-1	-1
2	37	-1	-1
7	37	-1	-1
12	37	-1	-1
17	37	-1	-1
22	37	-1	-1
27	37	-1	-1
32	37	-1	-1
37	37	-1	-1
42	37	-1	-1
47	37	-1	-1
2	32	-1	-1
7	32	-1	-1
12	32	-1	-1
17	32	-1	-1
22	32	-1	-1
27	32	-1	-1
32	32	-1	-1
37	32	-1	-1
42	32	-1	-1
47	32	-1	-1
2	27	-1	-1
7	27	-1	-1
12	27	-1	-1
17	27	-1	-1
22	27	-1	-1
27	27	-1	-1
32	27	-1	-1
37	27	-1	-1
42	27	-1	-1
47	27	-1	-1
2	22	-1	-1
7	22	-1	-1
12	22	-1	-1
17	22	-1	-1
22	22	-1	-1
27	22	-1	-1
32	22	-1	-1
37	22	-1	-1
42	22	-1	-1
47	22	-1	-1
2	17	-1	-1
7	17	-1	-1
12	17	-1	-1
17	17	-1	-1
22	17	-1	-1
27	17	-1	-1
32	17	-1	-1
37	17	-1	-1
42	17	-1	-1
47	17	-1	-1
2	12	-1	-1
7	12	-1	-1
12	12	-1	-1
17	12	-1	-1
22	12	-1	-1
27	12	-1	-1
32	12	-1	-1
37	12	-1	-1
42	12	-1	-1
47	12	-1	-1
2	7	-1	-1
7	7	-1	-1
12	7	-1	-1
17	7	-1	-1
22	7	-1	-1
27	7	-1	-1
32	7	-1	-1
37	7	-1	-1
42	7	-1	-1
47	7	-1	-1
2	2	-1	-1
7	2	-1	-1
12	2	-1	-1
17	2	-1	-1
22	2	-1	-1
27	2	-1	-1
32	2	-1	-1
37	2	-1	-1
42	2	-1	-1
47	2	-1	-1
360
1	1	2	0	1.0	50.0	2400.0	0	0	0.02	0.02
2	1	11	0	1.0	50.0	2400.0	0	0	0.02	0.02
3	2	1	0	1.0	50.0	2400.0	0	0	0.02	0.02
4	2	3	0	1.0	50.0	2400.0	0	0	0.02	0.02
5	2	12	0	1.0	50.0	2400.0	0	0	0.02	0.02
6	3	2	0	1.0	50.0	2400.0	0	0	0.02	0.02
7	3	4	0	1.0	50.0	2400.0	0	0	0.02	0.02
8	3	13	0	1.0	50.0	2400.0	0	0	0.02	0.02
9	4	3	0	1.0	50.0	2400.0	0	0	0.02	0.02
10	4	5	0	1.0	50.0	2400.0	0	0	0.02	0.02
11	4	14	0	1.0	50.0	2400.0	0	0	0.02	0.02
12	5	4	0	1.0	50.0	2400.0	0	0	0.02	0.02
13	5	6	0	1.0	50.0	2400.0	0	0	0.02	0.02
14	5	15	0	1.0	50.0	2400.0	0	0	0.02	0.02
15	6	5	0	1.0	50.0	2400.0	0	0	0.02	0.02
16	6	7	0	1.0	50.0	2400.0	0	0	0.02	0.02
17	6	16	0	1.0	50.0	2400.0	0	0	0.02	0.02
18	7	6	0	1.0	50.0	2400.0	0	0	0.02	0.02
19	7	8	0	1.0	50.0	2400.0	0	0	0.02	0.02
20	7	17	0	1.0	50.0	2400.0	0	0	0.02	0.02
21	8	7	0	1.0	50.0	2400.0	0	0	0.02	0.02
22	8	9	0	1.0	50.0	2400.0	0	0	0.02	0.02
23	8	18	0	1.0	50.0	2400.0	0	0	0.02	0.02
24	9	8	0	1.0	50.0	2400.0	0	0	0.02	0.02
25	9	10	0	1.0	50.0	2400.0	0	0	0.02	0.02
26	9	19	0	1.0	50.0	2400.0	0	0	0.02	0.02
27	10	9	0	1.0	50.0	2400.0	0	0	0.02	0.02
28	10	20	0	1.0	50.0	2400.0	0	0	0.02	0.02
29	11	1	0	1.0	50.0	2400.0	0	0	0.02	0.02
30	11	12	0	1.0	50.0	2400.0	0	0	0.02	0.02
31	11	21	0	1.0	50.0	2400.0	0	0	0.02	0.02
32	12	2	0	1.0	50.0	2400.0	0	0	0.02	0.02
33	12	11	0	1.0	50.0	2400.0	0	0	0.02	0.02
34	12	22	0	1.0	50.0	2400.0	0	0	0.02	0.02
35	12	13	0	1.0	50.0	2400.0	0	0	0.02	0.02
36	13	3	0	1.0	50.0	2400.0	0	0	0.02	0.02
37	13	12	0	1.0	50.0	2400.0	0	0	0.02	0.02
38	13	23	0	1.0	50.0	2400.0	0	0	0.02	0.02
39	13	14	0	1.0	50.0	2400.0	0	0	0.02	0.02
40	14	4	0	1.0	50.0	2400.0	0	0	0.02	0.02
41	14	13	0	1.0	50.0	2400.0	0	0	0.02	0.02
42	14	24	0	1.0	50.0	2400.0	0	0	0.02	0.02
43	14	15	0	1.0	50.0	2400.0	0	0	0.02	0.02
44	15	5	0	1.0	50.0	2400.0	0	0	0.02	0.02
45	15	14	0	1.0	50.0	2400.0	0	0	0.02	0.02
46	15	25	0	1.0	50.0	2400.0	0	0	0.02	0.02
47	15	16	0	1.0	50.0	2400.0	0	0	0.02	0.02
48	16	6	0	1.0	50.0	2400.0	0	0	0.02	0.02
49	16	15	0	1.0	50.0	2400.0	0	0	0.02	0.02
50	16	26	0	1.0	50.0	2400.0	0	0	0.02	0.02
51	16	17	0	1.0	50.0	2400.0	0	0	0.02	0.02
52	17	7	0	1.0	50.0	2400.0	0	0	0.02	0.02
53	17	16	0	1.0	50.0	2400.0	0	0	0.02	0.02
54	17	27	0	1.0	50.0	2400.0	0	0	0.02	0.02
55	17	18	0	1.0	50.0	2400.0	0	0	0.02	0.02
56	18	8	0	1.0	50.0	2400.0	0	0	0.02	0.02
57	18	17	0	1.0	50.0	2400.0	0	0	0.02	0.02
58	18	28	0	1.0	50.0	2400.0	0	0	0.02	0.02
59	18	19	0	1.0	50.0	2400.0	0	0	0.02	0.02
60	19	9	0	1.0	50.0	2400.0	0	0	0.02	0.02
61	19	18	0	1.0	50.0	2400.0	0	0	0.02	0.02
62	19	29	0	1.0	50.0	2400.0	0	0	0.02	0.02
63	19	20	0	1.0	50.0	2400.0	0	0	0.02	0.02
64	20	10	0	1.0	50.0	2400.0	0	0	0.02	0.02
65	20	30	0	1.0	50.0	2400.0	0	0	0.02	0.02
66	20	19	0	1.0	50.0	2400.0	0	0	0.02	0.02
67	21	11	0	1.0	50.0	2400.0	0	0	0.02	0.02
68	21	22	0	1.0	50.0	2400.0	0	0	0.02	0.02
69	21	31	0	1.0	50.0	2400.0	0	0	0.02	0.02
70	22	12	0	1.0	50.0	2400.0	0	0	0.02	0.02
71	22	21	0	1.0	50.0	2400.0	0	0	0.02	0.02
72	22	32	0	1.0	50.0	2400.0	0	0	0.02	0.02
73	22	23	0	1.0	50.0	2400.0	0	0	0.02	0.02
74	23	13	0	1.0	50.0	2400.0	0	0	0.02	0.02
75	23	22	0	1.0	50.0	2400.0	0	0	0.02	0.02
76	23	33	0	1.0	50.0	2400.0	0	0	0.02	0.02
77	23	24	0	1.0	50.0	2400.0	0	0	0.02	0.02
78	24	14	0	1.0	50.0	2400.0	0	0	0.02	0.02
79	24	23	0	1.0	50.0	2400.0	0	0	0.02	0.02
80	24	34	0	1.0	50.0	2400.0	0	0	0.02	0.02
81	24	25	0	1.0	50.0	2400.0	0	0	0.02	0.02
82	25	15	0	1.0	50.0	2400.0	0	0	0.02	0.02
83	25	24	0	1.0	50.0	2400.0	0	0	0.02	0.02
84	25	35	0	1.0	50.0	2400.0	0	0	0.02	0.02
85	25	26	0	1.0	50.0	2400.0	0	0	0.02	0.02
86	26	16	0	1.0	50.0	2400.0	0	0	0.02	0.02
87	26	25	0	1.0	50.0	2400.0	0	0	0.02	0.02
88	26	36	0	1.0	50.0	2400.0	0	0	0.02	0.02
89	26	27	0	1.0	50.0	2400.0	0	0	0.02	0.02
90	27	17	0	1.0	50.0	2400.0	0	0	0.02	0.02
91	27	26	0	1.0	50.0	2400.0	0	0	0.02	0.02
92	27	37	0	1.0	50.0	2400.0	0	0	0.02	0.02
93	27	28	0	1.0	50.0	2400.0	0	0	0.02	0.02
94	28	18	0	1.0	50.0	2400.0	0	0	0.02	0.02
95	28	27	0	1.0	50.0	2400.0	0	0	0.02	0.02
96	28	38	0	1.0	50.0	2400.0	0	0	0.02	0.02
97	28	29	0	1.0	50.0	2400.0	0	0	0.02	0.02
98	29	19	0	1.0	50.0	2400.0	0	0	0.02	0.02
99	29	28	0	1.0	50.0	2400.0	0	0	0.02	0.02
100	29	39	0	1.0	50.0	2400.0	0	0	0.02	0.02
101	29	30	0	1.0	50.0	2400.0	0	0	0.02	0.02
102	30	20	0	1.0	50.0	2400.0	0	0	0.02	0.02
103	30	40	0	1.0	50.0	2400.0	0	0	0.02	0.02
104	30	29	0	1.0	50.0	2400.0	0	0	0.02	0.02
105	31	21	0	1.0	50.0	2400.0	0	0	0.02	0.02
106	31	32	0	1.0	50.0	2400.0	0	0	0.02	0.02
107	31	41	0	1.0	50.0	2400.0	0	0	0.02	0.02
108	32	22	0	1.0	50.0	2400.0	0	0	0.02	0.02
109	32	31	0	1.0	50.0	2400.0	0	0	0.02	0.02
110	32	42	0	1.0	50.0	2400.0	0	0	0.02	0.02
111	32	33	0	1.0	50.0	2400.0	0	0	0.02	0.02
112	33	23	0	1.0	50.0	2400.0	0	0	0.02	0.02
113	33	32	0	1.0	50.0	2400.0	0	0	0.02	0.02
114	33	43	0	1.0	50.0	2400.0	0	0	0.02	0.02
115	33	34	0	1.0	50.0	2400.0	0	0	0.02	0.02
116	34	24	0	1.0	50.0	2400.0	0	0	0.02	0.02
117	34	33	0	1.0	50.0	2400.0	0	0	0.02	0.02
118	34	44	0	1.0	50.0	2400.0	0	0	0.02	0.02
119	34	35	0	1.0	50.0	2400.0	0	0	0.02	0.02
120	35	25	0	1.0	50.0	2400.0	0	0	0.02	0.02
121	35	34	0	1.0	50.0	2400.0	0	0	0.02	0.02
122	35	45	0	1.0	50.0	2400.0	0	0	0.02	0.02
123	35	36	0	1.0	50.0	2400.0	0	0	0.02	0.02
124	36	26	0	1.0	50.0	2400.0	0	0	0.02	0.02
125	36	35	0	1.0	50.0	2400.0	0	0	0.02	0.02
126	36	46	0	1.0	50.0	2400.0	0	0	0.02	0.02
127	36	37	0	1.0	50.0	2400.0	0	0	0.02	0.02
128	37	27	0	1.0	50.0	2400.0	0	0	0.02	0.02
129	37	36	0	1.0	50.0	2400.0	0	0	0.02	0.02
130	37	47	0	1.0	50.0	2400.0	0	0	0.02	0.02
131	37	38	0	1.0	50.0	2400.0	0	0	0.02	0.02
132	38	28	0	1.0	50.0	2400.0	0	0	0.02	0.02
133	38	37	0	1.0	50.0	2400.0	0	0	0.02	0.02
134	38	48	0	1.0	50.0	2400.0	0	0	0.02	0.02
135	38	39	0	1.0	50.0	2400.0	0	0	0.02	0.02
136	39	29	0	1.0	50.0	2400.0	0	0	0.02	0.02
137	39	38	0	1.0	50.0	2400.0	0	0	0.02	0.02
138	39	49	0	1.0	50.0	2400.0	0	0	0.02	0.02
139	39	40	0	1.0	50.0	2400.0	0	0	0.02	0.02
140	40	30	0	1.0	50.0	2400.0	0	0	0.02	0.02
141	40	50	0	1.0	50.0	2400.0	0	0	0.02	0.02
142	40	39	0	1.0	50.0	2400.0	0	0	0.02	0.02
143	41	31	0	1.0	50.0	2400.0	0	0	0.02	0.02
144	41	42	0	1.0	50.0	2400.0	0	0	0.02	0.02
145	41	51	0	1.0	50.0	2400.0	0	0	0.02	0.02
146	42	32	0	1.0	50.0	2400.0	0	0	0.02	0.02
147	42	41	0	1.0	50.0	2400.0	0	0	0.02	0.02
148	42	52	0	1.0	50.0	2400.0	0	0	0.02	0.02
149	42	43	0	1.0	50.0	2400.0	0	0	0.02	0.02
150	43	33	0	1.0	50.0	2400.0	0	0	0.02	0.02
151	43	42	0	1.0	50.0	2400.0	0	0	0.02	0.02
152	43	53	0	1.0	50.0	2400.0	0	0	0.02	0.02
153	43	44	0	1.0	50.0	2400.0	0	0	0.02	0.02
154	44	34	0	1.0	50.0	2400.0	0	0	0.02	0.02
155	44	43	0	1.0	50.0	2400.0	0	0	0.02	0.02
156	44	54	0	1.0	50.0	2400.0	0	0	0.02	0.02
157	44	45	0	1.0	50.0	2400.0	0	0	0.02	0.02
158	45	35	0	1.0	50.0	2400.0	0	0	0.02	0.02
159	45	44	0	1.0	50.0	2400.0	0	0	0.02	0.02
160	45	55	0	1.0	50.0	2400.0	0	0	0.02	0.02
161	45	46	0	1.0	50.0	2400.0	0	0	0.02	0.02
162	46	36	0	1.0	50.0	2400.0	0	0	0.02	0.02
163	46	45	0	1.0	50.0	2400.0	0	0	0.02	0.02
164	46	56	0	1.0	50.0	2400.0	0	0	0.02	0.02
165	46	47	0	1.0	50.0	2400.0	0	0	0.02	0.02
166	47	37	0	1.0	50.0	2400.0	0	0	0.02	0.02
167	47	46	0	1.0	50.0	2400.0	0	0	0.02	0.02
168	47	57	0	1.0	50.0	2400.0	0	0	0.02	0.02
169	47	48	0	1.0	50.0	2400.0	0	0	0.02	0.02
170	48	38	0	1.0	50.0	2400.0	0	0	0.02	0.02
171	48	47	0	1.0	50.0	2400.0	0	0	0.02	0.02
172	48	58	0	1.0	50.0	2400.0	0	0	0.02	0.02
173	48	49	0	1.0	50.0	2400.0	0	0	0.02	0.02
174	49	39	0	1.0	50.0	2400.0	0	0	0.02	0.02
175	49	48	0	1.0	50.0	2400.0	0	0	0.02	0.02
176	49	59	0	1.0	50.0	2400.0	0	0	0.02	0.02
177	49	50	0	1.0	50.0	2400.0	0	0	0.02	0.02
178	50	40	0	1.0	50.0	2400.0	0	0	0.02	0.02
179	50	60	0	1.0	50.0	2400.0	0	0	0.02	0.02
180	50	49	0	1.0	50.0	2400.0	0	0	0.02	0.02
181	51	41	0	1.0	50.0	2400.0	0	0	0.02	0.02
182	51	52	0	1.0	50.0	2400.0	0	0	0.02	0.02
183	51	61	0	1.0	50.0	2400.0	0	0	0.02	0.02
184	52	42	0	1.0	50.0	2400.0	0	0	0.02	0.02
185	52	51	0	1.0	50.0	2400.0	0	0	0.02	0.02
186	52	62	0	1.0	50.0	2400.0	0	0	0.02	0.02
187	52	53	0	1.0	50.0	2400.0	0	0	0.02	0.02
188	53	43	0	1.0	50.0	2400.0	0	0	0.02	0.02
189	53	52	0	1.0	50.0	2400.0	0	0	0.02	0.02
190	53	63	0	1.0	50.0	2400.0	0	0	0.02	0.02
191	53	54	0	1.0	50.0	2400.0	0	0	0.02	0.02
192	54	44	0	1.0	50.0	2400.0	0	0	0.02	0.02
193	54	53	0	1.0	50.0	2400.0	0	0	0.02	0.02
194	54	64	0	1.0	50.0	2400.0	0	0	0.02	0.02
195	54	55	0	1.0	50.0	2400.0	0	0	0.02	0.02
196	55	45	0	1.0	50.0	2400.0	0	0	0.02	0.02
197	55	54	0	1.0	50.0	2400.0	0	0	0.02	0.02
198	55	65	0	1.0	50.0	2400.0	0	0	0.02	0.02
199	55	56	0	1.0	50.0	2400.0	0	0	0.02	0.02
200	56	46	0	1.0	50.0	2400.0	0	0	0.02	0.02
201	56	55	0	1.0	50.0	2400.0	0	0	0.02	0.02
202	56	66	0	1.0	50.0	2400.0	0	0	0.02	0.02
203	56	57	0	1.0	50.0	2400.0	0	0	0.02	0.02
204	57	47	0	1.0	50.0	2400.0	0	0	0.02	0.02
205	57	56	0	1.0	50.0	2400.0	0	0	0.02	0.02
206	57	67	0	1.0	50.0	2400.0	0	0	0.02	0.02
207	57	58	0	1.0	50.0	2400.0	0	0	0.02	0.02
208	58	48	0	1.0	50.0	2400.0	0	0	0.02	0.02
209	58	57	0	1.0	50.0	2400.0	0	0	0.02	0.02
210	58	68	0	1.0	50.0	2400.0	0	0	0.02	0.02
211	58	59	0	1.0	50.0	2400.0	0	0	0.02	0.02
212	59	49	0	1.0	50.0	2400.0	0	0	0.02	0.02
213	59	58	0	1.0	50.0	2400.0	0	0	0.02	0.02
214	59	69	0	1.0	50.0	2400.0	0	0	0.02	0.02
215	59	60	0	1.0	50.0	2400.0	0	0	0.02	0.02
216	60	50	0	1.0	50.0	2400.0	0	0	0.02	0.02
217	60	70	0	1.0	50.0	2400.0	0	0	0.02	0.02
218	60	59	0	1.0	50.0	2400.0	0	0	0.02	0.02
219	61	51	0	1.0	50.0	2400.0	0	0	0.02	0.02
220	61	62	0	1.0	50.0	2400.0	0	0	0.02	0.02
221	61	71	0	1.0	50.0	2400.0	0	0	0.02	0.02
222	62	52	0	1.0	50.0	2400.0	0	0	0.02	0.02
223	62	61	0	1.0	50.0	2400.0	0	0	0.02	0.02
224	62	72	0	1.0	50.0	2400.0	0	0	0.02	0.02
225	62	63	0	1.0	50.0	2400.0	0	0	0.02	0.02
226	63	53	0	1.0	50.0	2400.0	0	0	0.02	0.02
227	63	62	0	1.0	50.0	2400.0	0	0	0.02	0.02
228	63	73	0	1.0	50.0	2400.0	0	0	0.02	0.02
229	63	64	0	1.0	50.0	2400.0	0	0	0.02	0.02
230	64	54	0	1.0	50.0	2400.0	0	0	0.02	0.02
231	64	63	0	1.0	50.0	2400.0	0	0	0.02	0.02
232	64	74	0	1.0	50.0	2400.0	0	0	0.02	0.02
233	64	65	0	1.0	50.0	2400.0	0	0	0.02	0.02
234	65	55	0	1.0	50.0	2400.0	0	0	0.02	0.02
235	65	64	0	1.0	50.0	2400.0	0	0	0.02	0.02
236	65	75	0	1.0	50.0	2400.0	0	0	0.02	0.02
237	65	66	0	1.0	50.0	2400.0	0	0	0.02	0.02
238	66	56	0	1.0	50.0	2400.0	0	0	0.02	0.02
239	66	65	0	1.0	50.0	2400.0	0	0	0.02	0.02
240	66	76	0	1.0	50.0	2400.0	0	0	0.02	0.02
241	66	67	0	1.0	50.0	2400.0	0	0	0.02	0.02
242	67	57	0	1.0	50.0	2400.0	0	0	0.02	0.02
243	67	66	0	1.0	50.0	2400.0	0	0	0.02	0.02
244	67	77	0	1.0	50.0	2400.0	0	0	0.02	0.02
245	67	68	0	1.0	50.0	2400.0	0	0	0.02	0.02
246	68	58	0	1.0	50.0	2400.0	0	0	0.02	0.02
247	68	67	0	1.0	50.0	2400.0	0	0	0.02	0.02
248	68	78	0	1.0	50.0	2400.0	0	0	0.02	0.02
249	68	69	0	1.0	50.0	2400.0	0	0	0.02	0.02
250	69	59	0	1.0	50.0	2400.0	0	0	0.02	0.02
251	69	68	0	1.0	50.0	2400.0	0	0	0.02	0.02
252	69	79	0	1.0	50.0	2400.0	0	0	0.02	0.02
253	69	70	0	1.0	50.0	2400.0	0	0	0.02	0.02
254	70	60	0	1.0	50.0	2400.0	0	0	0.02	0.02
255	70	80	0	1.0	50.0	2400.0	0	0	0.02	0.02
256	70	69	0	1.0	50.0	2400.0	0	0	0.02	0.02
257	71	61	0	1.0	50.0	2400.0	0	0	0.02	0.02
258	71	72	0	1.0	50.0	2400.0	0	0	0.02	0.02
259	71	81	0	1.0	50.0	2400.0	0	0	0.02	0.02
260	72	62	0	1.0	50.0	2400.0	0	0	0.02	0.02
261	72	71	0	1.0	50.0	2400.0	0	0	0.02	0.02
262	72	82	0	1.0	50.0	2400.0	0	0	0.02	0.02
263	72	73	0	1.0	50.0	2400.0	0	0	0.02	0.02
264	73	63	0	1.0	50.0	2400.0	0	0	0.02	0.02
265	73	72	0	1.0	50.0	2400.0	0	0	0.02	0.02
266	73	83	0	1.0	50.0	2400.0	0	0	0.02	0.02
267	73	74	0	1.0	50.0	2400.0	0	0	0.02	0.02
268	74	64	0	1.0	50.0	2400.0	0	0	0.02	0.02
269	74	73	0	1.0	50.0	2400.0	0	0	0.02	0.02
270	74	84	0	1.0	50.0	2400.0	0	0	0.02	0.02
271	74	75	0	1.0	50.0	2400.0	0	0	0.02	0.02
272	75	65	0	1.0	50.0	2400.0	0	0	0.02	0.02
273	75	74	0	1.0	50.0	2400.0	0	0	0.02	0.02
274	75	85	0	1.0	50.0	2400.0	0	0	0.02	0.02
275	75	76	0	1.0	50.0	2400.0	0	0	0.02	0.02
276	76	66	0	1.0	50.0	2400.0	0	0	0.02	0.02
277	76	75	0	1.0	50.0	2400.0	0	0	0.02	0.02
278	76	86	0	1.0	50.0	2400.0	0	0	0.02	0.02
279	76	77	0	1.0	50.0	2400.0	0	0	0.02	0.02
280	77	67	0	1.0	50.0	2400.0	0	0	0.02	0.02
281	77	76	0	1.0	50.0	2400.0	0	0	0.02	0.02
282	77	87	0	1.0	50.0	2400.0	0	0	0.02	0.02
283	77	78	0	1.0	50.0	2400.0	0	0	0.02	0.02
284	78	68	0	1.0	50.0	2400.0	0	0	0.02	0.02
285	78	77	0	1.0	50.0	2400.0	0	0	0.02	0.02
286	78	88	0	1.0	50.0	2400.0	0	0	0.02	0.02
287	78	79	0	1.0	50.0	2400.0	0	0	0.02	0.02
288	79	69	0	1.0	50.0	2400.0	0	0	0.02	0.02
289	79	78	0	1.0	50.0	2400.0	0	0	0.02	0.02
290	79	89	0	1.0	50.0	2400.0	0	0	0.02	0.02
291	79	80	0	1.0	50.0	2400.0	0	0	0.02	0.02
292	80	70	0	1.0	50.0	2400.0	0	0	0.02	0.02
293	80	90	0	1.0	50.0	2400.0	0	0	0.02	0.02
294	80	79	0	1.0	50.0	2400.0	0	0	0.02	0.02
295	81	71	0	1.0	50.0	2400.0	0	0	0.02	0.02
296	81	82	0	1.0	50.0	2400.0	0	0	0.02	0.02
297	81	91	0	1.0	50.0	2400.0	0	0	0.02	0.02
298	82	72	0	1.0	50.0	2400.0	0	0	0.02	0.02
299	82	81	0	1.0	50.0	2400.0	0	0	0.02	0.02
300	82	92	0	1.0	50.0	2400.0	0	0	0.02	0.02
301	82	83	0	1.0	50.0	2400.0	0	0	0.02	0.02
302	83	73	0	1.0	50.0	2400.0	0	0	0.02	0.02
303	83	82	0	1.0	50.0	2400.0	0	0	0.02	0.02
304	83	93	0	1.0	50.0	2400.0	0	0	0.02	0.02
305	83	84	0	1.0	50.0	2400.0	0	0	0.02	0.02
306	84	74	0	1.0	50.0	2400.0	0	0	0.02	0.02
307	84	83	0	1.0	50.0	2400.0	0	0	0.02	0.02
308	84	94	0	1.0	50.0	2400.0	0	0	0.02	0.02
309	84	85	0	1.0	50.0	2400.0	0	0	0.02	0.02
310	85	75	0	1.0	50.0	2400.0	0	0	0.02	0.02
311	85	84	0	1.0	50.0	2400.0	0	0	0.02	0.02
312	85	95	0	1.0	50.0	2400.0	0	0	0.02	0.02
313	85	86	0	1.0	50.0	2400.0	0	0	0.02	0.02
314	86	76	0	1.0	50.0	2400.0	0	0	0.02	0.02
315	86	85	0	1.0	50.0	2400.0	0	0	0.02	0.02
316	86	96	0	1.0	50.0	2400.0	0	0	0.02	0.02
317	86	87	0	1.0	50.0	2400.0	0	0	0.02	0.02
318	87	77	0	1.0	50.0	2400.0	0	0	0.02	0.02
319	87	86	0	1.0	50.0	2400.0	0	0	0.02	0.02
320	87	97	0	1.0	50.0	2400.0	0	0	0.02	0.02
321	87	88	0	1.0	50.0	2400.0	0	0	0.02	0.02
322	88	78	0	1.0	50.0	2400.0	0	0	0.02	0.02
323	88	87	0	1.0	50.0	2400.0	0	0	0.02	0.02
324	88	98	0	1.0	50.0	2400.0	0	0	0.02	0.02
325	88	89	0	1.0	50.0	2400.0	0	0	0.02	0.02
326	89	79	0	1.0	50.0	2400.0	0	0	0.02	0.02
327	89	88	0	1.0	50.0	2400.0	0	0	0.02	0.02
328	89	99	0	1.0	50.0	2400.0	0	0	0.02	0.02
329	89	90	0	1.0	50.0	2400.0	0	0	0.02	0.02
330	90	80	0	1.0	50.0	2400.0	0	0	0.02	0.02
331	90	100	0	1.0	50.0	2400.0	0	0	0.02	0.02
332	90	89	0	1.0	50.0	2400.0	0	0	0.02	0.02
333	91	81	0	1.0	50.0	2400.0	0	0	0.02	0.02
334	91	92	0	1.0	50.0	2400.0	0	0	0.02	0.02
335	92	91	0	1.0	50.0	2400.0	0	0	0.02	0.02
336	92	82	0	1.0	50.0	2400.0	0	0	0.02	0.02
337	92	93	0	1.0	50.0	2400.0	0	0	0.02	0.02
338	93	92	0	1.0	50.0	2400.0	0	0	0.02	0.02
339	93	83	0	1.0	50.0	2400.0	0	0	0.02	0.02
340	93	94	0	1.0	50.0	2400.0	0	0	0.02	0.02
341	94	93	0	1.0	50.0	2400.0	0	0	0.02	0.02
342	94	84	0	1.0	50.0	2400.0	0	0	0.02	0.02
343	94	95	0	1.0	50.0	2400.0	0	0	0.02	0.02
344	95	94	0	1.0	50.0	2400.0	0	0	0.02	0.02
345	95	85	0	1.0	50.0	2400.0	0	0	0.02	0.02
346	95	96	0	1.0	50.0	2400.0	0	0	0.02	0.02
347	96	95	0	1.0	50.0	2400.0	0	0	0.02	0.02
348	96	86	0	1.0	50.0	2400.0	0	0	0.02	0.02
349	96	97	0	1.0	50.0	2400.0	0	0	0.02	0.02
350	97	96	0	1.0	50.0	2400.0	0	0	0.02	0.02
351	97	87	0	1.0	50.0	2400.0	0	0	0.02	0.02
352	97	98	0	1.0	50.0	2400.0	0	0	0.02	0.02
353	98	97	0	1.0	50.0	2400.0	0	0	0.02	0.02
354	98	88	0	1.0	50.0	2400.0	0	0	0.02	0.02
355	98	99	0	1.0	50.0	2400.0	0	0	0.02	0.02
356	99	98	0	1.0	50.0	2400.0	0	0	0.02	0.02
357	99	89	0	1.0	50.0	2400.0	0	0	0.02	0.02
358	99	100	0	1.0	50.0	2400.0	0	0	0.02	0.02
359	100	90	0	1.0	50.0	2400.0	0	0	0.02	0.02
360	100	99	0	1.0	50.0	2400.0	0	0	0.02	0.02
